run_date <- c(
  "Sat07/23/2018",
  "Sat07/23/2018",
  "Sat07/23/2018",
  "Sat07/23/2018",
  "Sat07/23/2018",
  "Sat07/23/2018",
  "Sat07/23/2018",
  "Sat07/23/2018",
  "Sat07/23/2018",
  "Sat07/23/2018",
  "Sat07/23/2018",
  "Mon07/25/2018",
  "Mon07/25/2018",
  "Tues07/26/2018",
  "Tues07/26/2018",
  "Tues07/26/2018",
  "Wed07/27/2018",
  "Wed07/27/2018",
  "Wed07/27/2018",
  "Fri07/29/2018",
  "Fri07/29/2018",
  "Fri07/29/2018",
  "Fri07/29/2018",
  "Fri07/29/2018",
  "Sun07/31/2018",
  "Sun07/31/2018",
  "Sun07/31/2018",
  "Sun07/31/2018",
  "Sun07/31/2018",
  "Sun07/31/2018",
  "Sun07/31/2018",
  "Sun07/31/2018",
  "Sun07/31/2018",
  "Sun07/31/2018",
  "Sun07/31/2018",
  "Sun07/31/2018",
  "Sun07/31/2018",
  "Sun07/31/2018",
  "Sun07/31/2018",
  "Sun07/31/2018",
  "Sun07/31/2018",
  "Sun07/31/2018",
  "Sun07/31/2018",
  "Sun07/31/2018",
  "Mon08/01/2018",
  "Tues08/02/2018",
  "Tues08/02/2018",
  "Tues08/02/2018",
  "Tues08/02/2018",
  "Tues08/02/2018",
  "Tues08/02/2018",
  "Tues08/02/2018",
  "Wed08/03/2018",
  "Wed08/03/2018",
  "Wed08/03/2018",
  "Wed08/03/2018",
  "Thurs08/04/2018",
  "Thurs08/04/2018",
  "Thurs08/04/2018" ,
  "Fri08/05/2018",
  "Fri08/05/2018",
  "Fri08/05/2018",
  "Sat08/06/2018",
  "Sat08/06/2018",
  "Sat08/06/2018",
  "Sat08/06/2018",
  "Sat08/06/2018",
  "Sat08/06/2018",
  "Sat08/06/2018",
  "Sat08/06/2018",
  "Sat08/06/2018",
  "Sat08/06/2018",
  "Sat08/06/2018",
  "Sun08/07/2018",
  "Sun08/07/2018",
  "Sun08/07/2018",
  "Mon08/08/2018",
  "Mon08/08/2018",
  "Mon08/08/2018",
  "Wed08/10/2018",
  "Wed08/10/2018",
  "Thurs08/11/2018",
  "Thurs08/11/2018",
  "Sat09/24/2018",
  "Sat09/24/2018",
  "Sat09/24/2018",
  "Sat09/24/2018",
  "Sat09/24/2018",
  "Sat09/24/2018",
  "Sat09/24/2018",
  "Sat09/24/2018",
  "Sat09/24/2018",
  "Sat09/24/2018",
  "Sat09/24/2018",
  "Sat09/24/2018",
  "Sat09/24/2018",
  "Sat10/01/2018",
  "Sat10/01/2018",
  "Sat10/22/2018",
  "Sat10/22/2018",
  "Sat10/22/2018",
  "Mon10/24/2018",
  "Thurs10/27/2018",
  "Sat10/29/2018",
  "Sat10/29/2018",
  "W11/02/2018",
  "Th11/03/2018",
  "F11/04/2018",
  "F11/04/2018",
  "S11/05/2018"
)

sub<-c(601,602,603,604,605,606,607,608,609,610,611,612,613,615
      ,616,617,618,619,620,624,625,626,627,628,629,630,631,632
      ,633,634,635,636,637,638,639,640,641,642,643,644,645,646
      ,647,648,649,650,651,652,653,654,655,656,657,658,659,660
      ,661,662,663,664,665,666,701,702,703,704,705,706,707,708
      ,709,710,711,712,713,714,715,716,717,718,719,720,722,800
      ,801,802,803,804,805,806,807,808,809,810,811,812,813,814
      ,815,816,817,818,819,820,821,822,823,824,825,826)

temp <- str_split(run_date, "[a-zA-Z]")
run_date_2 <- list()
for(i in 1:length(temp)) {
  run_date_2[[i]] <- tail(temp[[i]], 1)
}

run_date  <- unlist(run_date_2)

library(lubridate)
run_date <- mdy(run_date)

d_date <- data.table(sub, run_date)

d <- merge(d, d_date, all=TRUE)

dd <- d[, run_date[1], .(cndname, sub)][cndname!="N-RB" & cndname!="N-II"]
ggplot(dd, aes(cndname, run_date, colour=cndname)) +
  geom_point(position="jitter", alpha=0.5) +
  scale_y_date(date_breaks = "1 week", date_labels = "%W") +
  theme_minimal() +
  theme(aspect.ratio = 1) +
  theme(strip.background = element_blank())
ggsave("../figs/run_date.pdf", width=8, height=4)
